function cmap = openImageColorMap()
    % for creating randomly, use the following
%     [~, c] = openImageClasses();
%     cmap = rand(length(c), 3, 'single', 'distributed');

    cmap = [
        34   163   248
       172   132   181
       237    36    92
       136   166    75
        29    77    40
       167   181    87
        67   113   155
       245   101   136
       229   204   105
        81   170    26
        87   166    37
       168   250   164
       245   250    83
        53    90   210
         5   122   223
         2   216    51
       113   172   255
       159   224   215
       250   232   232
       123   214    25
        10    81   195
        39    56   246
         5   238   251
       195   177   245
        61   186    47
       185   220   242
        97    74    67
        39    71    40
       110    92   122
       221   153    76
        73   118   245
        45    94   233
       126   200   221
       225   164    35
       102    84    72
        80    80   120
        78   155    21
       167    57    43
        95    42   131
        65   216    72
       174    17    21
       212    48   164
       194   186   152
        84    38   226
       223    31   216
       125   241   216
       164    94   193
       152    83   165
        22   248   132
        48   177   121
        43   186   251
        77    35   110
       207   161    29
       205   126   140
       103   151   151
       254   137    50
       182    42   191
       140   247     2
       247    85   146
       156    16   127
       162    54    68
       232    51   106
       238   179    43
       235   243    44
       117   133   209
        57    97   192
         1    92   161
       157   135   225
        74    35    42
        12   191   100
       221   190   224
       236   121   166
       121    79    56
       129   176   159
       119   143    96
       191   223    23
        60    39     1
        36    41    92
       188   102   191
       236   159     2
        51   228    45
        64   139   187
       139   207   212
        19   165    16
       252   103    33
       180   151   208
       108   230   219
       221    65   166
       229   145   165
       165    55    82
        19    10    54
       196   114   248
       125   132   198
       184   132    29
       191   199   222
       125    90    99
        66   159   123
       175   181   212
       226    80   183
       249   218   171
       202    59   118
       102   241   137
        52    25    86
       182   218   101
       230     1    20
        37   220   188
       138   246   149
       106   233   120
        42   127   143
       245   104   218
       185   246   167
       200   213    46
       145    89    48
        71   244   108
        44    28    82
       242   198    10
       212    19   193
        71   236   233
       248   158    47
       176   126    14
        52   112   207
        83    27    91
       186   106   125
       115   245    34
       239   173   143
       183     2   132
        99   200    72
        47    63    27
        82     2   222
        64   199   113
        58   150   191
        16   173   236
       205    77   121
       117   105   110
       114   207   101
       104   241    30
       248   148    65
       118    78    53
       174   158    91
       236   124    85
        85   190   245
       122   137    28
       230   210   210
       167   100    70
       196     1   155
       106    75   123
        71   247     2
       146   166   104
        28   161    41
       152    11   154
        39   193    38
       238    98    73
       253   204    85
        31    73    10
        56   100   247
        88   102   110
       159   222   206
       164   241    76
       129    24   119
       154   106   150
       156   108    23
        60    77    98
       106   109    93
         1    63    34
       219   142   106
        31   175     1
        46   178    42
       229   191   100
        49   158   227
        78    56    91
        60   208    32
        54   255   118
       207    90   135
       102    65   150
         5    84   206
       134   225   215
        48   200   244
       107   136   127
       144   164    45
        59   124    42
       161   164   163
       210   231   239
       242     5   113
       253   215   153
       115   225   255
       207    90   193
        54   232   245
        73   187   154
       177    90   220
       211   137   120
       208     3     3
       186   143   111
        41   203    19
         4    11   190
       166    93   243
        75    78   102
       188    87   197
       172   203   226
       202   154    83
        30    16   188
       130   187    89
       251   146    54
        66    16   247
        91    21   135
        60   167   138
         9    79    22
       211    59   100
       154   209   174
        89   117   181
       219    93   174
       159     8    20
        53   143   215
       149   193    18
       218   246    14
       134    54    93
       215   237   155
       230    99   189
        46   174   169
       248   124    14
       210   163   194
       171    88    75
        88   205    91
       164    95   195
       173   224   135
       155    43   167
       220   251     2
       241    97    72
       133    53     2
       254   135   148
       224   109    49
        29    57    47
       145   138    58
       183    61   100
       221   130   160
        54    52    51
       193   144   248
        94    51   125
        97   165   215
       119   106   165
       144   172   162
        43   184    95
       248   129   112
       239   233    70
         7   175   131
       110   211     5
       153    89   102
        61   232   203
       132   166   116
       231    77    46
       155   121   128
        54   106    59
       232   215   129
        15   229   202
        66   162    12
       147   193   186
       188   237   109
        36    73   220
       190   107   179
        64   179   149
        81    36   243
       124   215    60
       138    55    17
        83    94    45
       220   127    82
       173    73   224
        72    46   168
       239    87    77
       110   241    68
       228   104   167
       102    75    56
       208    48    75
        10   154   103
        86   121   145
       125   194   126
       101   203   246
       232   121    77
       225    99    40
       189   171     4
        19   142   177
       209   101   109
        83   251   228
        86   111   157
       214    79   120
       233    31   196
       178   126    73
        37   185   172
       143    35   218
        90   196   216
        70   100   162
       179   199    53
        47    99    14
        78   254     4
       245   147   240
       207   209   176
         0   179   255
        14   218    59
       142    94    53
        63   247   127
        68   125    54
        64   199   246
       116   254    96
        24    24   234
       124   132    34
       245    42   189
       223   232    81
         8   129   236
         3   159    27
        58   175   185
       211   133   253
        70   132   197
        44   110    43
       197    65   199
       157    63   103
       139   164   207
        96   119     5
        88   212    43
       189   249    79
       179    95    79
        98   109   215
       113    47   120
       229   207   124
       178    97    15
       130   237    59
       218     8   242
        63   223   122
